Accuracy: 0.73759765625
Recall: 0.7383089428696568
F1 Score: 0.7364536533512006
