Accuracy: 0.7663352272727272
Recall: 0.7688258796770832
F1 Score: 0.7640261159134979 
