Accuracy: 0.7341796875
Recall: 0.734041494129759
F1 Score: 0.7321352541075052
