Accuracy: 0.7423058712121212
Recall: 0.7592843144339617
F1 Score: 0.7401087981379363
