Accuracy: 0.7107421875
Recall: 0.7103118829680156
F1 Score: 0.7082137322444908
