Accuracy: 0.7143702651515151
Recall: 0.7174009335774042
F1 Score: 0.7124079905921398
