Accuracy: 0.6963778409090908
Recall: 0.6972328576752527
F1 Score: 0.695144243232381
