Accuracy: 0.7232421875
Recall: 0.7240640252729134
F1 Score: 0.7227613085396377
