Accuracy: 0.7189453125
Recall: 0.7248956337263386
F1 Score: 0.7122004158688374
