Accuracy: 0.6937736742424242
Recall: 0.6989805281549305
F1 Score: 0.6910976721921179
