Accuracy: 0.7669270833333334
Recall: 0.7684008525354291
F1 Score: 0.7655070171034843
