Accuracy: 0.7234375
Recall: 0.7234382572287589
F1 Score: 0.7212490840141162
