Accuracy: 0.6870265151515151
Recall: 0.6899090261085741
F1 Score: 0.6852746243735736
