Accuracy: 0.7237935126582279
Recall: 0.7248504491879901
F1 Score: 0.7217491226532233
