Accuracy: 0.6076090149332929
Recall: 0.5867661824688007
F1 Score: 0.5484810784372047
