Accuracy: 0.5718272219422044
Recall: 0.5604536069388967
F1 Score: 0.5354506768039959
